ex1 Explosion 173 1118
ex2 Shooting 12 163 225 232 289 441 815 880
ex3 Explosion 0 333
ex4 Explosion 15 462 670 725 757 966 971 1153 1185 1283 1349 1451 1523 1658
ex5 Explosion 67 331
Braveheart.1995__#00-56-30_00-57-20_label_B1-0-0 B1 0 360
Braveheart.1995__#01-26-50_01-32-30_label_B1-0-0 B1 1011 7515
Braveheart.1995__#02-05-34_02-06-40_label_B1-0-0 B1 256 1580
Braveheart.1995__#02-07-00_02-08-15_label_B1-0-0 B1 450 600 1027 1300
Brick.Mansions.2014__#00-16-26_00-17-12_label_B1-0-0 B1 30 1100
Brick.Mansions.2014__#00-41-25_00-42-36_label_B1-0-0 B1 523 610 900 1700
Bullet.in.the.Head.1990__#00-17-20_00-18-55_label_B1-0-0 B1 138 280 546 1915
Casino.Royale.2006__#00-50-05_00-51-16_label_B1-B2-B6 B1 43 180 383 625 702 780 780 830 860 1006 1066 1096 1527 1634
Casino.Royale.2006__#00-51-16_00-52-41_label_B1-B6-0 B1 37 400 977 1400 1590 1752
Casino.Royale.2006__#01-17-29_01-17-46_label_B1-0-0 B1 216 350
Crank.Dircut.2006__#0-27-42_0-29-01_label_B1-0-0 B1 347 445 560 1427 1886 1894
Deadpool.2.2018__#0-50-30_0-51-20_label_B1-0-0 B1 220 320 548 630 837 1125
Deadpool.2016__#0-18-58_0-19-20_label_B1-0-0 B1 80 130 290 510
Desperado.1995__#00-16-48_00-18-52_label_B1-0-0 B1 40 110 160 200 786 805 946 2030 2190 2310
Desperado.1995__#00-38-36_00-39-21_label_B1-B2-0 B1 325 350 381 498 531 570 580 670 670 700
Fast.Five.2011__#00-32-05_00-32-24_label_B1-B2-0 B1 104 155 194 360 248 265
Fast.Five.2011__#01-29-27_01-32-05_label_B1-0-0 B1 110 2934
Fast.Furious.2009__#00-25-59_00-26-25_label_B1-0-0 B1 240 622
Fast.Furious.6.2013__#01-03-25_01-04-59_label_B1-0-0 B1 460 1470 1550 2120
Fast.Furious.6.2013__#01-38-33_01-39-20_label_B1-0-0 B1 140 170 366 490
Fury.2014__#00-39-36_00-40-44_label_B1-B2-0 B1 78 1384 1384 1424 1550 1575
Gladiator.2000__#01-10-27_01-11-59_label_B1-0-0 B1 745 1663
GoldenEye.1995__#00-24-53_00-25-06_label_B1-0-0 B1 75 270
GoldenEye.1995__#01-17-05_01-19-57_label_B2-B1-0 B2 232 260 728 990 905 935 1200 1591 1700 1765 2959 3402 3631 3769 3995 4122
GoldenEye.1995__#02-02-15_02-02-47_label_B1-0-0 B1 100 310 380 690
Haywire.2011__#00-03-51_00-05-12_label_B1-B2-0 B1 261 797 799 810 872 1470 1020 1040
Haywire.2011__#00-16-07_00-16-49_label_B1-0-0 B1 153 640
Haywire.2011__#00-39-07_00-41-48_label_B1-B2-0 B1 111 2139 2459 3210 3504 3530
Haywire.2011__#01-20-20_01-21-57_label_B1-0-0 B1 578 2225
IP.Man.2.2010__#00-07-14_00-09-13_label_B1-0-0 B1 579 742 1010 1350 1745 1870 1995 2190
IP.Man.2.2010__#01-35-55_01-39-11_label_B1-0-0 B1 637 748 890 1150 2564 3962
Ip.Man.2008__#00-46-51_00-47-30_label_B1-0-0 B1 310 520
Ip.Man.2008__#00-48-57_00-50-47_label_B1-0-0 B1 12 148 502 730 1260 2047
Ip.Man.2008__#01-14-31_01-15-24_label_B1-0-0 B1 177 462
Ip.Man.3.2015__#00-17-51_00-18-51_label_B1-0-0 B1 0 145 305 470
Ip.Man.3.2015__#00-44-45_00-45-08_label_B1-0-0 B1 193 365
Ip.Man.3.2015__#00-46-08_00-54-20_label_B1-0-0 B1 4826 4964 5050 5134 5712 6300 6572 10880 11440 11530 11700 11807
Kill.Bill.Vol.1.2003__#01-17-20_01-20-20_label_B1-0-0 B1 1835 4273
Kill.Bill.Vol.1.2003__#01-21-39_01-26-55_label_B1-0-0 B1 1829 6854
Kill.Bill.Vol.1.2003__#01-26-56_01-28-18_label_B1-0-0 B1 297 1880
Kingsman.The.Golden.Circle.2017__#00-35-55_00-36-35_label_B1-0-0 B1 287 693
Lord.of.War__#01-41-04_01-41-53_label_B1-0-0 B1 295 318 433 467
Mission.Impossible.Fallout.2018__#00-31-21_00-32-50_label_B1-0-0 B1 96 2125
Mission.Impossible.Fallout.2018__#00-39-18_00-40-36_label_B1-0-0 B1 327 1680
Mission.Impossible.Fallout.2018__#02-03-50_02-04-35_label_B1-0-0 B1 222 976
Mission.Impossible.Ghost.Protocol.2011__#01-12-38_01-13-43_label_B1-0-0 B1 180 630 1086 1122 1260 1390
Mission.Impossible.Ghost.Protocol.2011__#01-54-24_01-54-50_label_B1-0-0 B1 87 347
Mission.Impossible.Ghost.Protocol.2011__#01-56-52_01-57-03_label_B1-0-0 B1 54 120
Mission.Impossible.II.2000__#01-29-30_01-29-44_label_B1-0-0 B1 136 280
Mission.Impossible.II.2000__#01-32-56_01-33-25_label_B1-0-0 B1 460 600
Mission.Impossible.V.Rogue.Nation.2015__#00-14-40_00-17-12_label_B1-0-0 B1 170 222 395 420 538 558 1445 3296
New.Kids.Turbo.2010__#00-22-35_00-23-14_label_B1-0-0 B1 94 134 670 741
New.Kids.Turbo.2010__#00-50-13_00-50-34_label_B1-0-0 B1 344 420
Quantum.Of.Solace.2008__#01-19-30_01-20-05_label_B1-0-0 B1 131 295
Quantum.Of.Solace.2008__#01-30-26_01-30-42_label_B2-B1-0 B2 30 55 114 144
Rush.Hour.1998.BluRay__#00-11-05_00-12-10_label_B2-B1-0 B2 140 175 275 575 935 1360
Rush.Hour.3.2007.BluRay__#00-34-11_00-35-46_label_B1-0-0 B1 416 738 805 1034 1118 1390 1461 1788 1862 2055 2232 2258
Salt.2010__#00-17-40_00-18-16_label_B1-0-0 B1 530 864
Saving.Private.Ryan.1998__#02-23-00_02-23-28_label_B1-0-0 B1 38 672
Saving.Private.Ryan.1998__#02-24-18_02-25-42_label_B1-0-0 B1 72 428 550 830 1085 2016
Sin.City.2005__#0-06-42_0-07-06_label_B1-0-0 B1 340 380
Skyfall.2012__#01-20-05_01-20-20_label_B1-B2-0 B1 45 260 53 260
Skyfall.2012__#02-08-44_02-09-17_label_B1-0-0 B1 78 655
Spectre.2015__#00-44-05_00-44-40_label_B1-B2-0 B1 38 217 254 329 539 817
Spectre.2015__#01-08-58_01-09-20_label_B1-B2-0 B1 50 100 330 355 295 320
Spectre.2015__#01-32-55_01-35-40_label_B1-B2-0 B1 92 132 134 154 177 2839 2838 2870 2960 2980 3126 3743
Spectre.2015__#02-02-57_02-03-27_label_B1-B2-0 B1 384 395 395 430
Taken.2.UNRATED.EXTENDED.2012__#01-18-40_01-19-00_label_B1-0-0 B1 18 68
Taken.3.2014__#01-04-50_01-05-05_label_B1-0-0 B1 109 147
Taken.3.2014__#01-12-48_01-14-30_label_B2-B1-0 B2 47 585 685 1516 2060 2080
Taken.3.2014__#01-19-13_01-19-30_label_B1-0-0 B1 39 204
Taken.Extended.Cut.2008__#00-33-51_00-34-03_label_B1-0-0 B1 139 185 206 281
The.Bourne.Identity.2002__#0-19-53_0-21-48_label_B1-0-0 B1 1931 2115 2641 2750
The.Bourne.Identity.2002__#01-45-00_01-45-46_label_B1-0-0 B1 240 296 525 559 1045 1086
The.Bourne.Legacy.2012__#0-59-18_01-01-52_label_B2-B1-0 B2 46 879 490 530 577 590 690 710 946 1018 1111 1160 1212 1354 1426 1660 3340 3610 3405 3436 3300 3330
The.Fast.and.the.Furious.2001__#00-52-18_00-53-36_label_B1-0-0 B1 542 1033 1734 1800
The.Fast.and.the.Furious.2001__#01-14-04_01-15-20_label_B1-0-0 B1 715 979 1030 1072 1221 1250 1333 1460
The.Hurt.Locker.2008__#0-19-22_0-22-32_label_B2-B1-0 B2 2094 2125 2244 2270 2532 2575 3580 3750
Yellow.Sea.2010__#01-04-00_01-04-50_label_B1-0-0 B1 0 356
Yellow.Sea.2010__#01-05-40_01-06-47_label_B1-B2-0 B1 140 407 765 775 1117 1151 735 1180 910 920
Young.And.Dangerous.I.1996__#0-20-50_0-22-15_label_B1-0-0 B1 425 1079
Young.And.Dangerous.I.1996__#0-46-57_0-48-57_label_B1-0-0 B1 0 2454
Young.And.Dangerous.IV.1997__#01-07-50_01-09-45_label_B1-0-0 B1 368 2734
Young.And.Dangerous.IV.1997__#01-32-04_01-32-58_label_B1-0-0 B1 650 1100
v=0W8LohxH9nI__#1_label_B1-0-0 B1 933 1250
v=251___mEwZA__#1_label_B1-0-0 B1 183 1359 1453 2487 3749 4540
v=3e3C-LQWF2s__#1_label_B1-0-0 B1 141 1000 1503 1665 1860 2200 3170 3300 3882 3960 4085 4420
v=3y2OOc6WTrg__#1_label_B1-0-0 B1 400 790 1345 1700 2684 3273
v=6KQFxxHmVMc__#1_label_B1-0-0 B1 144 590 1991 2100 2220 2340 2479 2640
v=6nfo9c7a5pE__#1_label_B1-0-0 B1 0 150 295 700
v=8ewWXhYRUNs__#1_label_B1-0-0 B1 88 910
v=96N4XAJ7FKM__#1_label_B1-0-0 B1 922 1936 2831 3281
v=9Ydg5IeZpFI__#1_label_B1-0-0 B1 55 660 1131 1710 2231 2475 2799 3291 3830 4489
v=BQjKQbYgUBA__#1_label_B1-0-0 B1 635 667 733 759 932 1020 1234 1297 1977 2373 3195 3422
v=BpargJW29Wo__#00-00-50_00-01-30_label_B1-0-0 B1 127 788
v=FW_qbiPH7UA__#1_label_B1-0-0 B1 1654 2080 2367 2745
v=HUL83wCQATc__#1_label_B1-0-0 B1 145 402 1000 1403
v=KUeUxbsBO6s__#1_label_B1-0-0 B1 1042 2000
v=MqrNCb2N5to__#1_label_B1-0-0 B1 247 425 1495 1666 1852 1950 2219 2450
v=OE9t3XImErk__#1_label_B1-0-0 B1 193 290
v=PuZy1PQIgrA__#1_label_B1-0-0 B1 528 1120 2042 2590
v=Q8K7roZu3WU__#1_label_B1-0-0 B1 0 1294
v=Qc3pAEeK16A__#1_label_B1-0-0 B1 70 237 980 1218
v=TsuuRo6PEXM__#1_label_B1-0-0 B1 307 1218 2306 3200
v=X6Tbn8_X-Os__#1_label_B1-0-0 B1 200 914 1790 3450
v=Y1hxr1MWLjM__#1_label_B1-0-0 B1 1920 2483
v=Z12t5h2mBJc__#1_label_B1-0-0 B1 22 780 1089 1275 1442 1710 2535 2950 2975 3600 3965 4300 4488 4664
v=afhttnv46Y4__#1_label_B1-0-0 B1 304 860 1435 2020
v=cuUK-3MNqtw__#1_label_B1-0-0 B1 1280 1450
v=gENp4SyNxkI__#1_label_B1-0-0 B1 0 1250
v=oipd63DGadU__#1_label_B1-0-0 B1 73 760 990 1040
v=osjdmjNJUdg__#1_label_B1-0-0 B1 191 856 1380 1985
v=ovQ1VTJ_IUI__#1_label_B1-0-0 B1 140 370 660 861
v=pL2HjXvWuPc__#1_label_B1-0-0 B1 1090 3392
v=pMtu7fOHdII__#1_label_B1-0-0 B1 650 850
v=q_DhkdHGXos__#1_label_B1-0-0 B1 0 1420
v=rXWOpZ7W2fA__#1_label_B1-0-0 B1 1500 1570 1665 1800 1957 2137
v=sbEHU4GskX4__#1_label_B1-0-0 B1 608 2030
v=tivXK3PGByk__#1_label_B1-0-0 B1 1037 1800 2300 2750
v=wG-2t0M8CPc__#1_label_B1-0-0 B1 781 1255 1325 1700
v=xbPWQKZspfU__#1_label_B1-0-0 B1 356 1200 2709 3544 3927 4782
v=yrpZJ8Vr3aA__#1_label_B1-0-0 B1 120 1270 2180 2352
v=zQbnQBCTSiA__#1_label_B1-0-0 B1 663 1530 2020 2553 3319 3710 4157 4478 4597 4930
wangted.2008__#0-45-25_0-47-01_label_B1-0-0 B1 28 1245
Bad.Boys.1995__#01-11-55_01-12-40_label_G-B2-B6 G 157 180 185 244 250 282 282 355 582 810 338 360
Bad.Boys.1995__#01-33-51_01-34-37_label_B2-0-0 B2 57 670 728 800
Bad.Boys.II.2003__#00-06-42_00-10-00_label_B2-G-0 B2 2610 2670 2760 3060 3167 3240 3240 3351 3265 4310
Black.Hawk.Down.2001__#01-13-59_01-14-49_label_B2-0-0 B2 188 1190
Black.Hawk.Down.2001__#02-00-12_02-01-29_label_B2-0-0 B2 10 1848
Brick.Mansions.2014__#00-11-57_00-12-12_label_B2-0-0 B2 308 338
Brick.Mansions.2014__#01-02-00_01-02-43_label_B2-0-0 B2 280 550
Bullet.in.the.Head.1990__#01-26-30_01-27-34_label_B2-0-0 B2 695 820
Bullet.in.the.Head.1990__#01-45-21_01-46-20_label_B2-0-0 B2 400 502
Bullet.in.the.Head.1990__#02-02-00_02-05-22_label_B2-B6-G B2 0 35 203 860 1005 1465 2130 2180 2170 2380 2860 3250 3541 4346
Casino.Royale.2006__#00-18-30_00-19-20_label_G-B2-0 G 261 293 293 580
City.Of.Men.2007__#00-51-50_00-53-31_label_B2-0-0 B2 254 540 1519 1545
City.Of.Men.2007__#00-57-37_00-58-27_label_B2-0-0 B2 218 280 883 920
City.Of.Men.2007__#01-17-27_01-17-59_label_B2-0-0 B2 197 394
City.Of.Men.2007__#01-35-30_01-36-00_label_B2-0-0 B2 135 265
City.of.God.2002__#00-40-16_00-41-30_label_B2-0-0 B2 460 490 858 910 1142 1330
City.of.God.2002__#01-24-10_01-25-10_label_B2-0-0 B2 340 1090
City.of.God.2002__#01-52-20_01-54-32_label_B2-0-0 B2 24 54 585 611 2892 3167
Deadpool.2.2018__#0-04-46_0-05-01_label_B2-0-0 B2 113 190 246 300
Desperado.1995__#01-14-11_01-17-28_label_B2-G-0 B2 838 1300 2640 2900 2957 3015 3310 3340 3760 4290 4478 4600
Fast.Five.2011__#00-32-56_00-33-26_label_B2-0-0 B2 155 300 450 686
Fast.Furious.2009__#00-21-06_00-21-57_label_B6-B2-0 B6 170 599 1170 1194
Fast.Furious.2009__#01-18-00_01-19-00_label_B2-B6-0 B2 691 1078 1145 1323
Fast.Furious.2009__#01-29-10_01-29-55_label_B2-0-0 B2 877 1058
Fast.Furious.6.2013__#00-45-40_00-47-13_label_B2-0-0 B2 160 295 425 580 700 890 985 1038 1180 1280 2030 2190
God.Bless.America.2011__#00-12-40_00-13-12_label_B2-0-0 B2 122 322
God.Bless.America.2011__#00-38-25_00-39-37_label_B2-B5-0 B2 110 160 300 560 810 1150
God.Bless.America.2011__#01-32-00_01-32-50_label_B2-0-0 B2 122 180
Kill.Bill.Vol.2.2004__#0-25-20_0-26-20_label_B2-0-0 B2 970 1010
Kingsman.The.Golden.Circle.2017__#00-41-22_00-41-32_label_B2-0-0 B2 14 44
Kingsman.The.Secret.Service.2014__#00-22-10_00-23-10_label_B2-0-0 B2 0 230
Kingsman.The.Secret.Service.2014__#01-43-40_01-44-50_label_B2-G-0 B2 96 117 1394 1438 1555 1580
Law.Abiding.Citizen.2009__#01-26-34_01-27-25_label_B2-0-0 B2 626 990
Love.Death.and.Robots.S01E10__#0-01-00_0-02-13_label_B2-G-0 B2 560 600 846 905 1050 1190 1191 1295
Mindhunters.2004__#01-19-00_01-20-05_label_B2-0-0 B2 0 375 546 604
Mission.Impossible.Ghost.Protocol.2011__#00-01-18_00-01-40_label_B2-0-0 B2 63 200 371 410
Mission.Impossible.II.2000__#01-18-55_01-20-53_label_B2-0-0 B2 159 330
Mission.Impossible.II.2000__#01-25-08_01-25-31_label_B2-0-0 B2 9 117
Mission.Impossible.II.2000__#01-38-25_01-38-41_label_B2-B5-0 B2 130 165 260 295
Mission.Impossible.II.2000__#01-46-20_01-47-11_label_B2-B6-0 B2 10 56 84 135 184 413 608 919
Mission.Impossible.III.2006__#00-19-56_00-20-26_label_B2-0-0 B2 19 560
Mission.Impossible.III.2006__#01-54-02_01-54-40_label_B2-0-0 B2 206 300 554 735
Mission.Impossible.V.Rogue.Nation.2015__#00-17-27_00-17-55_label_B2-0-0 B2 476 579
Mission.Impossible.V.Rogue.Nation.2015__#01-15-52_01-16-48_label_B6-B2-0 B6 84 216 328 407 526 995
Mission.Impossible.V.Rogue.Nation.2015__#01-54-23_01-55-10_label_B2-0-0 B2 723 992
Operation.Red.Sea.2018__#0-02-17_0-02-37_label_B2-0-0 B2 180 397
Operation.Red.Sea.2018__#0-29-36_0-30-20_label_B2-G-0 B2 222 450 460 533
Operation.Red.Sea.2018__#01-37-22_01-37-36_label_G-B2-0 G 150 215 233 275
Rush.Hour.1998.BluRay__#00-08-08_00-09-15_label_B2-B6-G B2 115 174 411 445 457 494 594 620 640 830 1000 1127 1248 1260 1261 1445
Rush.Hour.1998.BluRay__#01-20-28_01-21-38_label_B2-0-0 B2 122 200 220 300 316 357 762 848 998 1049 1105 1174 1323 1475
Rush.Hour.1998.BluRay__#01-25-21_01-25-46_label_B2-0-0 B2 437 519
Rush.Hour.3.2007.BluRay__#00-04-59_00-05-31_label_B2-0-0 B2 573 623
Rush.Hour.3.2007.BluRay__#00-40-56_00-41-52_label_B2-0-0 B2 665 684 1145 1195
Salt.2010__#01-06-27_01-07-07_label_G-B2-0 G 50 84 25 92 119 137 190 270 319 526 690 730
Salt.2010__#01-12-05_01-12-32_label_B2-G-0 B2 123 296 340 456
Saving.Private.Ryan.1998__#00-47-50_00-49-35_label_B2-0-0 B2 483 670 801 887 1211 1431
Saving.Private.Ryan.1998__#02-25-42_02-26-03_label_B2-0-0 B2 247 504
Shoot.Em.Up.2007__#00-32-40_00-35-10_label_B2-0-0 B2 43 74 114 159 234 371 560 781 905 1426 1522 1696 1790 2185 2374 2434 2517 2697 2795 3432
Shoot.Em.Up.2007__#00-53-25_00-56-47_label_B2-0-0 B2 101 200 705 760 2650 2709 2875 3120 3217 3469 4021 4265 4770 4820
Shoot.Em.Up.2007__#00-56-56_00-57-15_label_B2-0-0 B2 0 380
Sin.City.2005__#0-10-40_0-11-40_label_B2-0-0 B2 50 106 355 392 466 480 555 580 650 750
Sin.City.2005__#0-29-34_0-29-56_label_B2-0-0 B2 355 425 470 510
Sin.City.2005__#0-32-00_0-32-16_label_B2-0-0 B2 125 159 280 320
Sin.City.2005__#0-43-45_0-44-01_label_B2-0-0 B2 52 148
Sin.City.2005__#01-51-59_01-52-29_label_B2-0-0 B2 35 80 555 610
Skyfall.2012__#01-55-44_01-56-57_label_B2-G-0 B2 54 298 370 467 548 596 687 740 944 1076 1153 1182 1235 1449 95 120
Skyfall.2012__#01-57-40_01-58-00_label_B2-0-0 B2 0 168
Spectre.2015__#01-10-35_01-10-53_label_B2-0-0 B2 170 237 270 337
Taken.2.UNRATED.EXTENDED.2012__#01-00-00_01-00-16_label_B2-0-0 B2 327 368
Taken.2.UNRATED.EXTENDED.2012__#01-06-28_01-06-49_label_B2-0-0 B2 49 228
Taken.2.UNRATED.EXTENDED.2012__#01-18-25_01-18-40_label_B2-0-0 B2 49 260
Taken.3.2014__#00-03-58_00-04-16_label_B2-0-0 B2 44 70
Taken.Extended.Cut.2008__#00-50-45_00-51-04_label_B2-B6-0 B2 103 190 430 455
The.Bourne.Identity.2002__#01-27-39_01-29-19_label_B2-0-0 B2 530 560 1455 1514 1794 1830
The.Bourne.Ultimatum.2007__#01-26-27_01-28-03_label_B2-B6-0 B2 475 569 740 900 983 1250 1531 1562 1563 1590 1754 2039
The.Bourne.Ultimatum.2007__#01-44-02_01-44-11_label_B2-0-0 B2 60 80
The.Fast.and.the.Furious.2001__#00-29-00_00-29-52_label_B2-G-0 B2 310 515 790 1045
The.Hurt.Locker.2008__#01-02-10_01-03-55_label_B2-0-0 B2 448 520 755 830 1225 1374 1968 1990
The.World.Is.Not.Enough.1999__#00-07-04_00-07-45_label_G-B2-0 G 270 480 847 944
Tropa.de.Elite.2.2010__#00-42-00_00-43-00_label_B2-0-0 B2 777 900
Tropa.de.Elite.2.2010__#00-46-11_00-46-50_label_B2-0-0 B2 109 265
Tropa.de.Elite.2.2010__#01-33-01_01-33-30_label_B2-0-0 B2 138 176 211 260
wangted.2008__#0-22-55_0-23-40_label_B2-0-0 B2 395 560 632 697
wangted.2008__#0-48-30_0-49-00_label_B2-0-0 B2 346 511